2.856105268001556396e-01
1.819277107715606689e-01
1.781220883131027222e-01
1.728723794221878052e-01
1.708219051361083984e-01
1.752926409244537354e-01
1.701461374759674072e-01
1.687450855970382690e-01
1.666124314069747925e-01
1.647922098636627197e-01
1.622824817895889282e-01
1.604062169790267944e-01
1.599222570657730103e-01
1.587955951690673828e-01
1.592009514570236206e-01
1.604162603616714478e-01
1.578534543514251709e-01
1.557404398918151855e-01
1.543499529361724854e-01
1.515665352344512939e-01
1.521844714879989624e-01
1.460070610046386719e-01
1.384524703025817871e-01
1.335146427154541016e-01
1.302882879972457886e-01
1.282979398965835571e-01
1.259877383708953857e-01
1.245052069425582886e-01
1.236164718866348267e-01
1.227577552199363708e-01
1.248031631112098694e-01
1.233428493142127991e-01
1.215846836566925049e-01
1.211528107523918152e-01
1.202190741896629333e-01
1.200296357274055481e-01
1.200092062354087830e-01
1.201638057827949524e-01
1.186972782015800476e-01
1.180837377905845642e-01
1.176888421177864075e-01
1.168352141976356506e-01
1.164212599396705627e-01
1.161066666245460510e-01
1.159423217177391052e-01
1.157542318105697632e-01
1.149503290653228760e-01
1.149633079767227173e-01
1.145337894558906555e-01
1.197113618254661560e-01
1.157605350017547607e-01
1.152698919177055359e-01
1.137279197573661804e-01
1.134765148162841797e-01
1.132511273026466370e-01
1.131432875990867615e-01
1.129745319485664368e-01
1.128318384289741516e-01
1.125263869762420654e-01
1.123967543244361877e-01
1.123138517141342163e-01
1.120153740048408508e-01
1.121229007840156555e-01
1.116068884730339050e-01
1.116655692458152771e-01
1.119836121797561646e-01
1.108637526631355286e-01
1.105805709958076477e-01
1.107027381658554077e-01
1.105998679995536804e-01
1.104319319128990173e-01
1.105729267001152039e-01
1.104208454489707947e-01
1.101426482200622559e-01
1.102755889296531677e-01
1.102158054709434509e-01
1.100007444620132446e-01
1.101093962788581848e-01
1.099626943469047546e-01
1.098836585879325867e-01
1.100780218839645386e-01
1.097452640533447266e-01
1.092189252376556396e-01
1.093509122729301453e-01
1.091980561614036560e-01
1.093284413218498230e-01
1.091092526912689209e-01
1.090219393372535706e-01
1.091212555766105652e-01
1.091284081339836121e-01
1.090523600578308105e-01
1.091456636786460876e-01
1.090304926037788391e-01
1.090189442038536072e-01
1.088008806109428406e-01
1.089636236429214478e-01
1.087902262806892395e-01
1.087658330798149109e-01
1.090625301003456116e-01
1.089655533432960510e-01
1.085384115576744080e-01
1.085106804966926575e-01
1.084685176610946655e-01
1.084607616066932678e-01
1.085086613893508911e-01
1.084325984120368958e-01
1.086379885673522949e-01
1.083136498928070068e-01
1.084611713886260986e-01
1.084526255726814270e-01
1.085145324468612671e-01
1.083945631980895996e-01
1.083383336663246155e-01
1.083881482481956482e-01
1.084045097231864929e-01
1.083468124270439148e-01
1.082880869507789612e-01
1.083474010229110718e-01
1.082624047994613647e-01
1.083184108138084412e-01
1.081301122903823853e-01
1.080309972167015076e-01
1.081270128488540649e-01
1.081534475088119507e-01
1.080077737569808960e-01
1.079961955547332764e-01
1.081427112221717834e-01
1.081694811582565308e-01
1.079965531826019287e-01
1.081301644444465637e-01
1.080920919775962830e-01
1.079888492822647095e-01
1.081282868981361389e-01
1.081293970346450806e-01
1.080630645155906677e-01
1.078658625483512878e-01
1.080724745988845825e-01
1.078755483031272888e-01
1.079614907503128052e-01
1.078702583909034729e-01
1.078598946332931519e-01
1.079627051949501038e-01
1.078959256410598755e-01
1.079929023981094360e-01
1.078393459320068359e-01
1.078644990921020508e-01
1.078941971063613892e-01
1.078993901610374451e-01
1.078986078500747681e-01
1.079344153404235840e-01
1.077902838587760925e-01
1.077964454889297485e-01
1.078593209385871887e-01
1.078635752201080322e-01
1.077803671360015869e-01
1.078545004129409790e-01
1.078805997967720032e-01
1.078425720334053040e-01
1.078885868191719055e-01
1.077863499522209167e-01
1.077427491545677185e-01
1.077983230352401733e-01
1.077487990260124207e-01
1.077375710010528564e-01
1.077826395630836487e-01
1.078048497438430786e-01
1.078446283936500549e-01
1.078361943364143372e-01
1.077475696802139282e-01
1.077793389558792114e-01
1.078012436628341675e-01
1.078022122383117676e-01
1.078680306673049927e-01
1.078360453248023987e-01
1.077009513974189758e-01
1.078363880515098572e-01
1.077706068754196167e-01
1.077505573630332947e-01
1.076713427901268005e-01
1.077400147914886475e-01
1.077488884329795837e-01
1.078155413269996643e-01
1.077800467610359192e-01
1.077413111925125122e-01
1.077425703406333923e-01
1.077846959233283997e-01
1.078943088650703430e-01
1.078263893723487854e-01
1.077669560909271240e-01
1.077277958393096924e-01
1.078679859638214111e-01
1.077508479356765747e-01
1.077624037861824036e-01
1.077802851796150208e-01
1.078676581382751465e-01
1.077280789613723755e-01
1.076931804418563843e-01
1.077739670872688293e-01
1.076715737581253052e-01
1.078429520130157471e-01
1.077906414866447449e-01
1.077928617596626282e-01
1.077554449439048767e-01
1.077971234917640686e-01
1.078239679336547852e-01
1.078077331185340881e-01
1.078021079301834106e-01
1.077668219804763794e-01
1.077686771750450134e-01
1.078115403652191162e-01
1.077423840761184692e-01
1.077367961406707764e-01
1.077159792184829712e-01
1.077789664268493652e-01
1.077979356050491333e-01
1.077457368373870850e-01
1.077307015657424927e-01
1.079116761684417725e-01
1.078014075756072998e-01
1.078175455331802368e-01
1.077092215418815613e-01
1.077402383089065552e-01
1.077264174818992615e-01
1.077527552843093872e-01
1.078119948506355286e-01
1.077707335352897644e-01
1.077422127127647400e-01
1.076542511582374573e-01
1.077168360352516174e-01
1.077678203582763672e-01
1.076870709657669067e-01
1.077323853969573975e-01
1.075886338949203491e-01
1.076387986540794373e-01
1.078474521636962891e-01
1.077556312084197998e-01
1.077529340982437134e-01
1.077457517385482788e-01
1.077537313103675842e-01
1.078191623091697693e-01
1.077497228980064392e-01
1.077065393328666687e-01
1.077402830123901367e-01
1.077852249145507812e-01
1.078114807605743408e-01
1.076675057411193848e-01
1.077492684125900269e-01
1.077922061085700989e-01
1.077091470360755920e-01
1.078303754329681396e-01
1.077548488974571228e-01
1.077152416110038757e-01
1.077045574784278870e-01
1.077758967876434326e-01
1.077192053198814392e-01
1.077054738998413086e-01
1.077925488352775574e-01
1.078005284070968628e-01
1.077088117599487305e-01
1.076770871877670288e-01
1.077640727162361145e-01
1.078256964683532715e-01
1.077656969428062439e-01
1.077507957816123962e-01
1.078097075223922729e-01
1.078358963131904602e-01
1.077234819531440735e-01
1.078278571367263794e-01
1.077126935124397278e-01
1.077628955245018005e-01
1.077779233455657959e-01
1.076609715819358826e-01
1.076700761914253235e-01
1.076244637370109558e-01
1.078156307339668274e-01
1.078251823782920837e-01
1.077839955687522888e-01
1.077314391732215881e-01
1.077155396342277527e-01
1.077603772282600403e-01
1.077745407819747925e-01
1.079196706414222717e-01
1.077166721224784851e-01
1.077429652214050293e-01
1.077587008476257324e-01
1.077266409993171692e-01
1.077889800071716309e-01
1.078464090824127197e-01
1.078150942921638489e-01
1.076852455735206604e-01
1.077511385083198547e-01
1.078135967254638672e-01
1.077022552490234375e-01
1.077443659305572510e-01
1.077801883220672607e-01
1.077456101775169373e-01
1.077289134263992310e-01
1.076071336865425110e-01
1.078011766076087952e-01
1.077483668923377991e-01
1.077602431178092957e-01
1.077210828661918640e-01
1.077626720070838928e-01
1.077413111925125122e-01
1.078334823250770569e-01
1.077086552977561951e-01
1.077543497085571289e-01
1.078138202428817749e-01
1.077758520841598511e-01
1.077704355120658875e-01
1.077894419431686401e-01
1.077879667282104492e-01
1.077005639672279358e-01
1.076298579573631287e-01
1.078961119055747986e-01
1.077349632978439331e-01
1.078426912426948547e-01
1.077147945761680603e-01
1.077667847275733948e-01
1.077580153942108154e-01
1.076961532235145569e-01
1.078291907906532288e-01
1.076975017786026001e-01
1.077411472797393799e-01
1.076899468898773193e-01
1.077066957950592041e-01
1.077749356627464294e-01
1.078686341643333435e-01
1.077097058296203613e-01
1.077710911631584167e-01
1.076293811202049255e-01
1.076990216970443726e-01
1.077159419655799866e-01
1.077562868595123291e-01
1.077660620212554932e-01
1.077511459589004517e-01
1.076466515660285950e-01
1.078338623046875000e-01
1.077405437827110291e-01
1.077742427587509155e-01
1.076950132846832275e-01
1.077253445982933044e-01
1.078385934233665466e-01
1.076803952455520630e-01
1.077255755662918091e-01
1.077911406755447388e-01
1.077672988176345825e-01
1.076908335089683533e-01
1.076682507991790771e-01
1.078243479132652283e-01
1.077448800206184387e-01
1.076704710721969604e-01
1.076471805572509766e-01
1.077184900641441345e-01
1.077859625220298767e-01
1.077148169279098511e-01
1.078099161386489868e-01
1.076535210013389587e-01
1.078051552176475525e-01
1.078544184565544128e-01
1.076542660593986511e-01
1.077061146497726440e-01
