2.074206322431564331e-01
2.573908865451812744e-01
2.649603188037872314e-01
2.767460346221923828e-01
2.817857265472412109e-01
2.690079510211944580e-01
2.844741940498352051e-01
2.878472208976745605e-01
2.922718226909637451e-01
2.972718179225921631e-01
3.051289618015289307e-01
3.109424710273742676e-01
3.138789534568786621e-01
3.205357193946838379e-01
3.218154907226562500e-01
3.209821283817291260e-01
3.341666758060455322e-01
3.451587259769439697e-01
3.510614931583404541e-01
3.654364943504333496e-01
3.673115074634552002e-01
3.904365003108978271e-01
4.257936477661132812e-01
4.445932507514953613e-01
4.575000107288360596e-01
4.631547629833221436e-01
4.731150865554809570e-01
4.767956435680389404e-01
4.798908829689025879e-01
4.818254113197326660e-01
4.760614931583404541e-01
4.812103211879730225e-01
4.875694513320922852e-01
4.891666769981384277e-01
4.927480220794677734e-01
4.916765987873077393e-01
4.923115074634552002e-01
4.931944310665130615e-01
4.975297749042510986e-01
5.024107098579406738e-01
5.024008154869079590e-01
5.072122812271118164e-01
5.104464292526245117e-01
5.115376710891723633e-01
5.121924877166748047e-01
5.148412585258483887e-01
5.175793766975402832e-01
5.161904692649841309e-01
5.185317397117614746e-01
4.997222125530242920e-01
5.152678489685058594e-01
5.154464244842529297e-01
5.220436453819274902e-01
5.232242345809936523e-01
5.249603390693664551e-01
5.235912799835205078e-01
5.262004137039184570e-01
5.269246101379394531e-01
5.276785492897033691e-01
5.278372764587402344e-01
5.282341241836547852e-01
5.290674567222595215e-01
5.288491845130920410e-01
5.295833349227905273e-01
5.292361378669738770e-01
5.278769731521606445e-01
5.330654978752136230e-01
5.340873003005981445e-01
5.340178608894348145e-01
5.338591337203979492e-01
5.335118770599365234e-01
5.346428751945495605e-01
5.354166626930236816e-01
5.361210107803344727e-01
5.351884961128234863e-01
5.363293886184692383e-01
5.375396609306335449e-01
5.353571176528930664e-01
5.377876758575439453e-01
5.367261767387390137e-01
5.357837080955505371e-01
5.394444465637207031e-01
5.393055677413940430e-01
5.391170382499694824e-01
5.396924614906311035e-01
5.393254160881042480e-01
5.412102937698364258e-01
5.412202477455139160e-01
5.412202477455139160e-01
5.411706566810607910e-01
5.398313403129577637e-01
5.391666889190673828e-01
5.386012196540832520e-01
5.398114919662475586e-01
5.411905050277709961e-01
5.395039916038513184e-01
5.411309599876403809e-01
5.393254160881042480e-01
5.411905050277709961e-01
5.408135056495666504e-01
5.421130657196044922e-01
5.426091551780700684e-01
5.421924591064453125e-01
5.424503684043884277e-01
5.421924591064453125e-01
5.424206256866455078e-01
5.428571701049804688e-01
5.417658686637878418e-01
5.421130657196044922e-01
5.424305796623229980e-01
5.422420501708984375e-01
5.415872931480407715e-01
5.435218214988708496e-01
5.429960489273071289e-01
5.431448221206665039e-01
5.431249737739562988e-01
5.448611378669738770e-01
5.439087152481079102e-01
5.427976250648498535e-01
5.437599420547485352e-01
5.443254113197326660e-01
5.445138812065124512e-01
5.430456399917602539e-01
5.446031689643859863e-01
5.461508035659790039e-01
5.439186692237854004e-01
5.443750023841857910e-01
5.435019731521606445e-01
5.451091527938842773e-01
5.449900627136230469e-01
5.441170930862426758e-01
5.445436239242553711e-01
5.431249737739562988e-01
5.431944727897644043e-01
5.438194274902343750e-01
5.437499880790710449e-01
5.434325337409973145e-01
5.453472137451171875e-01
5.446031689643859863e-01
5.447420477867126465e-01
5.443651080131530762e-01
5.438988208770751953e-01
5.457639098167419434e-01
5.440079569816589355e-01
5.450297594070434570e-01
5.449404716491699219e-01
5.457539558410644531e-01
5.446825623512268066e-01
5.449603199958801270e-01
5.438690185546875000e-01
5.463789701461791992e-01
5.453968048095703125e-01
5.461309552192687988e-01
5.454860925674438477e-01
5.461508035659790039e-01
5.450496077537536621e-01
5.437102913856506348e-01
5.455753803253173828e-01
5.450595021247863770e-01
5.458729863166809082e-01
5.456051826477050781e-01
5.458928346633911133e-01
5.457242131233215332e-01
5.459126830101013184e-01
5.434027910232543945e-01
5.460119247436523438e-01
5.453373193740844727e-01
5.440972447395324707e-01
5.458035469055175781e-01
5.456150770187377930e-01
5.450793504714965820e-01
5.447618961334228516e-01
5.448015928268432617e-01
5.441071391105651855e-01
5.456845164299011230e-01
5.461210608482360840e-01
5.452579259872436523e-01
5.439781546592712402e-01
5.455753803253173828e-01
5.448611378669738770e-01
5.437599420547485352e-01
5.453968048095703125e-01
5.450198650360107422e-01
5.454166531562805176e-01
5.451884865760803223e-01
5.451984405517578125e-01
5.451487898826599121e-01
5.451289415359497070e-01
5.454166531562805176e-01
5.459126830101013184e-01
5.447420477867126465e-01
5.443551540374755859e-01
5.453670620918273926e-01
5.443948507308959961e-01
5.455753803253173828e-01
5.447221994400024414e-01
5.453869104385375977e-01
5.445238351821899414e-01
5.466765761375427246e-01
5.451388955116271973e-01
5.455555319786071777e-01
5.452777743339538574e-01
5.453273653984069824e-01
5.444146990776062012e-01
5.449206233024597168e-01
5.440376996994018555e-01
5.447024106979370117e-01
5.457043647766113281e-01
5.467658638954162598e-01
5.453869104385375977e-01
5.462400913238525391e-01
5.451984405517578125e-01
5.460615158081054688e-01
5.452281832695007324e-01
5.455654859542846680e-01
5.460813641548156738e-01
5.459821224212646484e-01
5.453373193740844727e-01
5.463591217994689941e-01
5.454960465431213379e-01
5.458233952522277832e-01
5.458035469055175781e-01
5.456944704055786133e-01
5.459821224212646484e-01
5.446627140045166016e-01
5.454266071319580078e-01
5.455158948898315430e-01
5.454464554786682129e-01
5.456944704055786133e-01
5.458233952522277832e-01
5.460813641548156738e-01
5.451388955116271973e-01
5.464583039283752441e-01
5.456448197364807129e-01
5.445238351821899414e-01
5.458531975746154785e-01
5.451190471649169922e-01
5.458333492279052734e-01
5.447024106979370117e-01
5.444345474243164062e-01
5.464385151863098145e-01
5.453373193740844727e-01
5.451289415359497070e-01
5.447420477867126465e-01
5.460615158081054688e-01
5.460119247436523438e-01
5.457936525344848633e-01
5.450893044471740723e-01
5.458829402923583984e-01
5.450793504714965820e-01
5.443551540374755859e-01
5.458531975746154785e-01
5.448114871978759766e-01
5.451984405517578125e-01
5.455257892608642578e-01
5.455853343009948730e-01
5.456448197364807129e-01
5.451587438583374023e-01
5.457936525344848633e-01
5.460813641548156738e-01
5.449305772781372070e-01
5.446527600288391113e-01
5.444444417953491211e-01
5.466269850730895996e-01
5.453472137451171875e-01
5.449305772781372070e-01
5.455357432365417480e-01
5.451984405517578125e-01
5.459126830101013184e-01
5.458729863166809082e-01
5.447520017623901367e-01
5.442658662796020508e-01
5.467758178710937500e-01
5.465773940086364746e-01
5.453373193740844727e-01
5.449404716491699219e-01
5.454365015029907227e-01
5.458233952522277832e-01
5.461210608482360840e-01
5.451984405517578125e-01
5.465575456619262695e-01
5.456448197364807129e-01
5.461111068725585938e-01
5.459226369857788086e-01
5.455853343009948730e-01
5.453174710273742676e-01
5.450198650360107422e-01
5.439980030059814453e-01
5.450396537780761719e-01
5.457043647766113281e-01
5.445039868354797363e-01
5.452678799629211426e-01
5.456249713897705078e-01
5.446825623512268066e-01
5.452182292938232422e-01
5.454563498497009277e-01
5.456349253654479980e-01
5.457639098167419434e-01
5.452777743339538574e-01
5.451190471649169922e-01
5.445734262466430664e-01
5.452380776405334473e-01
5.463194251060485840e-01
5.455059409141540527e-01
5.449603199958801270e-01
5.454960465431213379e-01
5.445634722709655762e-01
5.449007749557495117e-01
5.459126830101013184e-01
5.456646680831909180e-01
5.443948507308959961e-01
5.458928346633911133e-01
5.448809266090393066e-01
5.467857122421264648e-01
5.450396537780761719e-01
5.465972423553466797e-01
5.464285612106323242e-01
5.452480316162109375e-01
5.450099110603332520e-01
5.460714101791381836e-01
5.438095331192016602e-01
5.449603199958801270e-01
5.456249713897705078e-01
5.452083349227905273e-01
5.458729863166809082e-01
5.454464554786682129e-01
5.459424853324890137e-01
5.445734262466430664e-01
5.456448197364807129e-01
5.451289415359497070e-01
5.457539558410644531e-01
5.459126830101013184e-01
5.447024106979370117e-01
5.461210608482360840e-01
5.450595021247863770e-01
5.458928346633911133e-01
5.465079545974731445e-01
5.445734262466430664e-01
5.446924567222595215e-01
5.441964268684387207e-01
5.450991988182067871e-01
5.470238327980041504e-01
5.457837581634521484e-01
5.468353033065795898e-01
5.454464554786682129e-01
5.461111068725585938e-01
5.456845164299011230e-01
5.445039868354797363e-01
5.464385151863098145e-01
5.447520017623901367e-01
5.446527600288391113e-01
5.459722280502319336e-01
5.461111068725585938e-01
5.455357432365417480e-01
5.439186692237854004e-01
5.456646680831909180e-01
5.453273653984069824e-01
5.458035469055175781e-01
5.451487898826599121e-01
5.446825623512268066e-01
5.466071367263793945e-01
5.460813641548156738e-01
