1.779437422752380371e+00
1.564993619918823242e+00
1.214389562606811523e+00
1.116770267486572266e+00
1.073717713356018066e+00
1.052975773811340332e+00
1.040271997451782227e+00
1.024019241333007812e+00
1.023095488548278809e+00
1.006482839584350586e+00
1.001910448074340820e+00
9.941599965095520020e-01
9.873966574668884277e-01
9.857321977615356445e-01
9.774598479270935059e-01
9.784069657325744629e-01
9.700032472610473633e-01
9.669772982597351074e-01
9.624504446983337402e-01
9.583771824836730957e-01
9.551787376403808594e-01
9.537925720214843750e-01
9.446924328804016113e-01
9.459896087646484375e-01
9.398859143257141113e-01
9.422693252563476562e-01
9.389725327491760254e-01
9.344907402992248535e-01
9.317187666893005371e-01
9.277207255363464355e-01
9.216502308845520020e-01
9.288884997367858887e-01
9.225406050682067871e-01
9.161911606788635254e-01
9.122505784034729004e-01
9.087514877319335938e-01
9.077585339546203613e-01
9.062575101852416992e-01
8.997988700866699219e-01
9.000480771064758301e-01
8.971352577209472656e-01
8.942848443984985352e-01
8.934165239334106445e-01
8.724275827407836914e-01
8.616220951080322266e-01
8.561003208160400391e-01
8.534381389617919922e-01
8.494584560394287109e-01
8.451921343803405762e-01
8.442273736000061035e-01
8.384472727775573730e-01
8.411068320274353027e-01
8.590029478073120117e-01
8.327647447586059570e-01
8.236788511276245117e-01
8.176347613334655762e-01
8.136706948280334473e-01
8.095009326934814453e-01
8.061125874519348145e-01
8.055264353752136230e-01
7.992836833000183105e-01
8.020251393318176270e-01
7.949387431144714355e-01
7.833551168441772461e-01
7.809153199195861816e-01
7.797329425811767578e-01
7.771096825599670410e-01
7.779058218002319336e-01
7.806425690650939941e-01
7.756671905517578125e-01
7.727708220481872559e-01
7.699346542358398438e-01
7.673903107643127441e-01
7.612451910972595215e-01
7.598199844360351562e-01
7.586491107940673828e-01
7.579331994056701660e-01
7.563595175743103027e-01
7.558147311210632324e-01
7.551764249801635742e-01
7.530621290206909180e-01
7.528510689735412598e-01
7.509968876838684082e-01
