2.628869116306304932e-01
3.625892996788024902e-01
4.941170513629913330e-01
5.326488018035888672e-01
5.478174686431884766e-01
5.555456280708312988e-01
5.604067444801330566e-01
5.645932555198669434e-01
5.666369199752807617e-01
5.720535516738891602e-01
5.743849277496337891e-01
5.762698650360107422e-01
5.810614824295043945e-01
5.814087390899658203e-01
5.836111307144165039e-01
5.841270089149475098e-01
5.870337486267089844e-01
5.898610949516296387e-01
5.917559266090393066e-01
5.922222137451171875e-01
5.950000286102294922e-01
5.958035588264465332e-01
6.006150841712951660e-01
6.007440686225891113e-01
6.020634770393371582e-01
6.015079617500305176e-01
6.036210060119628906e-01
6.061012148857116699e-01
6.072520017623901367e-01
6.094543933868408203e-01
6.145634651184082031e-01
6.111408472061157227e-01
6.124603152275085449e-01
6.153373122215270996e-01
6.183829307556152344e-01
6.204464435577392578e-01
6.213690638542175293e-01
6.217857003211975098e-01
6.245535612106323242e-01
6.248214244842529297e-01
6.263591051101684570e-01
6.288095116615295410e-01
6.294841170310974121e-01
6.409920454025268555e-01
6.451289653778076172e-01
6.485317349433898926e-01
6.492857336997985840e-01
6.527579426765441895e-01
6.537004113197326660e-01
6.547023653984069824e-01
6.575496196746826172e-01
6.568452119827270508e-01
6.504265666007995605e-01
6.621230244636535645e-01
6.671428680419921875e-01
6.692261695861816406e-01
6.711012125015258789e-01
6.735019683837890625e-01
6.750694513320922852e-01
6.753869056701660156e-01
6.788194179534912109e-01
6.774206161499023438e-01
6.806845068931579590e-01
6.867658495903015137e-01
6.878670454025268555e-01
6.888889074325561523e-01
6.894245743751525879e-01
6.894146800041198730e-01
6.885317564010620117e-01
6.894940733909606934e-01
6.917757987976074219e-01
6.936507821083068848e-01
6.947817206382751465e-01
6.980158686637878418e-01
6.979166865348815918e-01
6.992162466049194336e-01
6.994345188140869141e-01
6.993849277496337891e-01
7.004563212394714355e-01
7.006646990776062012e-01
7.015476226806640625e-01
7.019841074943542480e-01
7.033234238624572754e-01
