2.649801671504974365e-01
3.306646943092346191e-01
4.621428549289703369e-01
5.122321248054504395e-01
5.499702095985412598e-01
5.620635151863098145e-01
5.712797641754150391e-01
5.771924853324890137e-01
5.777480006217956543e-01
5.849999785423278809e-01
5.869940519332885742e-01
5.895237922668457031e-01
5.940178632736206055e-01
5.963789820671081543e-01
5.982936620712280273e-01
6.021825671195983887e-01
6.075991988182067871e-01
6.090376973152160645e-01
6.119146943092346191e-01
6.139979958534240723e-01
6.178174614906311035e-01
6.224107146263122559e-01
6.245039701461791992e-01
6.254662871360778809e-01
6.281647086143493652e-01
6.316567659378051758e-01
6.354166865348815918e-01
6.380654573440551758e-01
6.589484214782714844e-01
6.650496125221252441e-01
6.729166507720947266e-01
6.779860854148864746e-01
6.831448674201965332e-01
6.889682412147521973e-01
6.924901008605957031e-01
6.988789439201354980e-01
7.049106955528259277e-01
7.101091146469116211e-01
7.270436286926269531e-01
7.356150746345520020e-01
7.408829331398010254e-01
7.439880967140197754e-01
7.498908638954162598e-01
7.535912990570068359e-01
7.592757940292358398e-01
7.620436549186706543e-01
7.672123312950134277e-01
7.707440257072448730e-01
7.832440733909606934e-01
7.876983880996704102e-01
7.915674448013305664e-01
7.941865324974060059e-01
7.981944680213928223e-01
7.989186644554138184e-01
8.023313283920288086e-01
8.049107193946838379e-01
8.088889122009277344e-01
8.102182745933532715e-01
8.168551325798034668e-01
8.193452358245849609e-01
8.216865062713623047e-01
8.223611116409301758e-01
8.242262005805969238e-01
8.262599110603332520e-01
8.273015618324279785e-01
8.284424543380737305e-01
8.304365277290344238e-01
8.311210274696350098e-01
