1.761823534965515137e+00
1.582095384597778320e+00
1.254469752311706543e+00
1.137855291366577148e+00
1.057671785354614258e+00
1.025362133979797363e+00
1.002765536308288574e+00
9.892799258232116699e-01
9.892311692237854004e-01
9.716498255729675293e-01
9.633319377899169922e-01
9.582589268684387207e-01
9.513303041458129883e-01
9.434802532196044922e-01
9.400959610939025879e-01
9.334574937820434570e-01
9.271711707115173340e-01
9.222004413604736328e-01
9.159276485443115234e-01
9.127451777458190918e-01
9.085809588432312012e-01
8.986668586730957031e-01
8.942615985870361328e-01
8.915515542030334473e-01
8.841318488121032715e-01
8.796916604042053223e-01
8.707588315010070801e-01
8.651303052902221680e-01
8.189119100570678711e-01
8.019037246704101562e-01
7.882487773895263672e-01
7.778204083442687988e-01
7.659015655517578125e-01
7.545532584190368652e-01
7.473693490028381348e-01
7.328581213951110840e-01
7.224286198616027832e-01
7.127076983451843262e-01
6.691480875015258789e-01
6.517323851585388184e-01
6.390517950057983398e-01
6.275821924209594727e-01
6.174642443656921387e-01
6.071024537086486816e-01
5.949982404708862305e-01
5.879781842231750488e-01
5.792596936225891113e-01
5.691424608230590820e-01
5.382816195487976074e-01
5.258705615997314453e-01
5.189525485038757324e-01
5.098422169685363770e-01
5.032416582107543945e-01
4.975586235523223877e-01
4.914195835590362549e-01
4.823932051658630371e-01
4.784061908721923828e-01
4.716191887855529785e-01
4.546437859535217285e-01
4.485864341259002686e-01
4.421635866165161133e-01
4.400416314601898193e-01
4.374564290046691895e-01
4.314073026180267334e-01
4.292911887168884277e-01
4.255940616130828857e-01
4.222638905048370361e-01
4.207553267478942871e-01
